kinematics:
  shoulder:
    x: 0
    y: 0
    z: 0.1805288340440077
    roll: -0
    pitch: 0
    yaw: 3.762865763388967e-07
  upper_arm:
    x: -1.800941286331734e-07
    y: 0
    z: 0
    roll: 1.570134834017879
    pitch: 0
    yaw: 2.423452901974252e-06
  forearm:
    x: -0.6121785793007658
    y: 0
    z: 0
    roll: 3.141346708913142
    pitch: 3.141151842431633
    yaw: -3.141587942950989
  wrist_1:
    x: -0.5711197992428646
    y: 0.002319979137164429
    z: 0.1742485137775334
    roll: 3.128279242671435
    pitch: 3.14151174644628
    yaw: 3.141586538683116
  wrist_2:
    x: 6.034247218789717e-05
    y: -0.1197387215861365
    z: 0.0001839086535207748
    roll: 1.569260411708541
    pitch: 0
    yaw: 4.54089369820998e-07
  wrist_3:
    x: -6.245513340599502e-05
    y: 0.1155158254152929
    z: -6.134256960744903e-05
    roll: 1.570265295106201
    pitch: 3.141592653589793
    yaw: 3.141592120870373
  hash: calib_1279624653325364324